2415029711
12200093643378598805300312552061328728791992121678601166211800595209103915385502333406434389130175873675999630835674592961488662695326681316650752285429570961779924679267577655786126731500735126284198250405304501929330759893045441791114982651304103655668464479991377343433661693286521967839748697008895401376271985091054333909371980645391977866154972876204890745891478692099503703125869245066860667823114031135602304058705720204067553768008509405156582931925424271035084217599542009631430010015753922823865837158162490374608394686309841486187746315815557222576768012165004420822668805619569134371901798984459971025295
13547168042246001844876269316681990424364573801431045176023472216282442168940759201969202573819424804899146034584308959259617489155381158665173381255727052268114901746211831859230715013201557930773791838461528131537061641018647601613367264387040661759313570715404134455797049342203997796685478499111442629134817710130900849765605985617737144027986181466218835969930601889455994508052075371688424510225268893192463394295803344923278658606839119398797324458148193584249563644730726808790136681803627841017969145916795926353686610764790867532785485786492498725051312726384850988607532913648297929332577854795584458713513
131889305923232806601784095031242797588339755224649282712277724006476527630017121998864944849085410927217265384071941426301511647151928627834562967066239103371437162808179736707547990081065528336352609481523229591807094960256716195920203109434704738765373086972592733851318318333761172550201020025145161488629
102716197855580770671316203225041425846902422412418031184477063150126014171179948812409893257989254687353542930261389599433774612939762436399032391325243088064942498431576575887783734447966138904396165483725730867551345612783995039545173721313236909674370885633832280230476618189128343194219879194241804938597
2566958551
9558560530388939968225737120068374349974768678519696975636923561553686575763265775600240679418103003904651986917184684355298996336102914880315318697752972897122638899008691528709765882251302095991837726338062213375416211334874757093964931944856295598213320757051240261250953616966195918193319598510326075905468361930353576117798643436311151421283729269320260073843508361323734995836511303460980109949777775263084387369477491333002628493801871994131372240714296500109299854218698015232962839549413688946948469508258591198223941675122278104896557986338720440177420715330580906379597713039319763693666574761938574489039
26111417064920615285278294511124767430856924790516719275233410645264439103266963850070335942882104138874130173690479154948837176789770919309657725675828632703887382227001729800014905179207778278787010756263134173693450226555078422882598500239641099577403893346054084994297383967218275319196081500852122185790251763047780261999891585811948470508384763450442178487787729152238056323349715812094229094656502258080927517616840499049038343258400489334337404013909244553001332054813347711122571404634729029946409159056009984792070703256965160313657092842239413881855001303521144948973983828260058064820788486126624048560747
148135725050590017084253235948857916830531856465348475365114119312023917258498891706252231758394460443468415328636046068511299751209264148174937489852619449269968740097007274533532732451864511834502977707652988901954628173805816318390032051511896981841696295976861507706512344110815157437098591716703007736503
176266846204744146115954476850326194589925526437273703503410134692007989194427540856443163751054705931784770252841801920709432295964307801917375484821734330895161943506573536020887407880521105157530849802726494126112105863925083794197428840460699226043322566215808355607627468357949662155115735340877964640749
